5000
191
331
1204
3919
795
2734
3734
1888
3527
2740
390
1976
2875
1571
1542
2441
3435
3188
1519
4656
2184
964
2435
3572
2165
3606
4808
1341
394
2617
636
1938
4300
3192
857
95
2278
943
3335
805
3683
77
4134
1558
3000
676
351
2788
216
3223
3796
2401
539
1231
2325
4057
4837
2133
1750
1583
1102
2386
4873
1754
578
2082
3202
2856
3025
2889
13
3060
2967
4147
970
2319
1176
2674
107
2744
2249
3903
1497
2788
134
3823
3197
1323
2308
4947
4259
4763
2333
4132
1517
4263
1215
4719
3471
592
2609
3485
3653
1928
3984
4623
4247
1512
3649
707
4257
898
4610
754
39
1097
929
3236
2420
3238
3184
3031
3001
1869
2164
4518
1133
4731
590
956
323
3199
4441
328
127
4778
1304
726
2642
4953
1433
3251
852
2396
358
891
3493
1287
479
2265
4525
3663
1649
3878
533
165
4749
3018
4896
339
3974
1571
4890
4768
1900
17
898
4556
2095
3540
4509
4881
1792
1713
2277
3502
2604
2122
4789
3084
739
667
3099
2388
897
4984
2553
646
3002
3801
985
3329
1725
2227
3097
4977
2244
3995
4533
692
3887
4042
573
2031
2108
4202
533
4712
2676
323
4148
4767
2342
3600
3508
3239
3584
1061
3886
2939
1215
1223
1268
4292
3451
4365
4269
2047
4712
3802
2739
3599
4196
4664
631
1304
218
2516
2369
2894
2839
2869
4014
181
1469
2522
3421
1406
4935
3659
4345
1150
4882
613
1794
4685
1330
1063
3085
1042
1217
824
993
1766
1841
2976
4422
3411
493
3143
2658
4684
1013
1672
1218
3834
4194
4639
240
4129
4650
4585
1632
884
1550
3426
570
2880
4490
3655
274
2059
831
1268
3825
4024
596
4600
2436
1089
2743
94
2126
3756
1766
3344
3943
2312
4335
535
1441
3985
121
4425
4869
3023
2852
439
904
3694
446
2530
753
1278
3798
931
1654
747
531
4090
3188
3274
536
314
3383
3654
3658
3678
966
2993
4213
3760
1978
686
3185
3200
3710
1037
3639
966
1083
438
3496
3189
3068
3647
4120
4722
4394
1003
3813
2582
629
701
2897
364
4356
2907
4042
322
901
3256
4082
4231
3942
2268
2431
2652
4657
2423
4970
2093
2861
3467
282
929
2114
754
651
2860
1757
816
1794
3738
1518
4691
4103
874
3951
3145
2548
1204
1401
2983
435
1696
251
4219
700
1260
2994
671
4705
855
490
4987
3136
3956
741
139
1816
3850
2308
3610
2589
3826
4654
3044
1052
3605
1189
3600
1161
3943
2935
1596
639
3186
2167
1339
799
161
3362
504
2368
3852
1844
504
2808
3937
1996
976
2788
4304
4587
1729
3130
593
1125
534
550
2314
486
1711
2609
3422
4659
4600
2960
1827
2292
111
3340
654
1968
709
859
3812
2565
3667
2749
4561
4644
1889
3865
583
4970
3347
2528
1095
3881
3078
4762
720
4789
2371
4142
800
1972
2102
2627
4264
3566
2320
1270
534
4381
2129
4346
1946
2149
3447
2860
3145
337
1725
3728
1659
73
2608
2755
306
686
2517
1026
1827
4888
1520
2627
3212
4975
1607
3828
3541
3927
99
4075
4660
2228
4773
1606
4377
4572
4466
3874
1261
2544
3954
2921
3969
1562
676
627
2248
4545
3006
427
4433
4526
3055
3998
853
1014
2826
4394
1293
2925
4821
953
1506
946
3911
2235
519
4730
1110
1780
2274
64
4701
1243
1627
1729
3222
227
1274
1228
655
2060
755
62
1058
1608
2428
236
2355
3721
3162
3528
1026
4668
4475
4937
1903
1346
4667
4365
3126
1941
4430
4180
4536
1057
2261
2759
2636
4888
339
3291
1948
2446
4705
4358
407
2133
4594
2762
2206
4108
1290
3232
128
2117
3170
3384
3463
2837
2749
2942
1131
2179
2122
2019
4588
4383
1130
2225
623
1470
1868
2571
268
1574
3281
675
59
4228
3437
2266
3336
1080
498
3465
3197
20
1849
3013
4210
950
955
341
3130
4429
3712
4070
164
1195
1295
788
2665
4516
3359
2933
2442
2993
4961
2501
2221
3398
1119
557
830
2970
374
380
2990
3575
3393
2200
4526
700
3893
4008
129
3958
3078
293
153
726
1081
4170
242
793
3455
2684
3786
3416
1537
2359
3167
2657
4268
349
627
4643
729
4969
4570
474
3522
4096
2526
3767
4456
2655
2725
2535
4301
4230
4613
382
3400
4855
2527
3208
3891
2665
1624
428
24
1143
4437
4293
1493
1416
288
3574
2738
4858
4049
1260
307
1575
27
4763
583
4105
3650
4884
3335
4615
1618
3088
4470
4146
1296
4713
1811
4272
1494
3188
416
931
3833
1909
2348
4121
483
86
331
884
2698
1990
3812
4077
3106
4395
3182
3108
4279
2870
2724
2249
958
3546
1395
3606
3260
4559
2878
4754
4099
3294
685
2932
1555
4385
3405
3391
823
3736
4275
4873
2079
4439
3951
185
3834
3485
3293
4465
1355
1017
3067
3665
4564
4462
2271
2824
373
150
3930
4472
4796
967
3756
2704
353
2161
1095
2528
2250
1722
2402
4329
1162
1353
4514
1348
1190
4159
2166
2546
177
233
2563
1093
1047
4835
3917
1421
1337
4199
2245
2485
166
1002
189
519
4515
2636
4400
1765
4359
1802
1094
1873
4507
1960
4573
2049
1120
3091
4595
2649
4676
2159
3742
724
3346
4011
3497
4683
3210
2094
3520
3376
3096
3710
248
2612
1346
4648
729
2057
2802
3176
282
3661
1488
4856
710
2608
4299
1658
1609
3976
169
351
1052
3515
714
4549
4550
3924
1643
4422
3653
1092
3132
3901
56
831
4901
785
4240
4055
313
4523
4068
1802
731
1130
762
30
2788
2372
358
4309
4075
1410
2824
4790
2311
3726
66
307
3149
3719
2751
2633
3972
2807
4816
225
4944
4057
4280
258
4932
3348
2060
2015
4479
2822
3397
3619
1546
3756
2929
622
1518
2105
412
3830
2184
478
489
333
550
3240
4318
4522
1047
4135
4748
2343
4544
380
2601
828
3729
1013
2843
4560
188
1240
4531
1734
1348
3812
3708
4219
918
472
3049
3102
2303
4890
4787
2853
3130
457
2375
4177
4592
3475
2872
4136
3856
474
1316
3937
2839
4159
4849
4379
1752
4380
1114
3100
4545
1174
2319
463
1647
1720
4917
3950
1610
1056
1803
4740
1513
530
269
2458
4006
3142
2946
4214
4968
4263
3151
4159
3422
4352
3539
174
84
1005
4627
4629
2179
3298
1444
3826
1371
2713
4128
4333
3769
931
426
1635
2814
695
4093
3172
189
2039
2386
1509
2654
1889
669
1077
2593
560
2603
2677
1565
3582
2307
3744
3233
3751
3923
4604
1465
3051
3937
1586
335
4363
3221
3149
1411
3666
1321
2952
2058
59
814
4712
3300
2835
2141
893
3395
1097
3570
4960
1031
877
56
4264
981
3979
3868
3798
3383
4158
1736
3718
4873
1310
1867
2636
4976
4540
589
3386
4599
2755
4451
2899
590
1592
144
337
4041
3714
297
73
944
1705
4337
3277
2037
4558
2075
420
68
3811
4138
4941
121
2357
2578
1450
3249
4519
1188
4200
2274
639
3451
4216
3584
3595
4553
2625
2309
1202
4050
4605
2907
4740
2882
1296
4298
1309
1716
718
121
2206
2011
1594
915
941
4396
4164
460
585
3364
4086
2576
1815
3302
1160
410
4207
3786
4072
409
4188
3677
4669
3928
1560
965
4578
2869
4034
296
4342
1240
2308
2289
2156
3249
3037
2672
62
3622
2389
4148
1199
4204
3803
3711
967
4362
3849
39
4772
3038
68
793
1966
2980
1758
1545
2202
792
3193
1544
3385
501
185
1893
103
3223
4565
165
3197
1954
665
748
2511
820
4460
3478
183
3309
4869
1307
1347
4937
2100
4666
4270
210
1211
1472
2355
4404
3016
740
1258
4554
2633
1361
2777
3550
2878
2326
1857
4895
3075
4368
716
2535
4198
2251
2196
4067
3558
4896
356
2010
4562
978
2220
2125
2450
4575
1529
1819
1667
4139
1373
652
1852
502
4203
4730
2828
1060
4626
2255
1780
1694
1142
978
3945
3339
1397
3855
3235
3105
865
4149
4084
4437
1274
2886
4013
4155
4705
2032
3295
1078
2685
147
2932
3240
1230
761
652
2208
4368
2432
254
511
4762
4199
202
2511
3054
4789
616
271
3938
1052
4708
212
3939
73
4367
3644
2106
4014
1075
1143
4162
359
4383
1744
2472
1387
3952
1841
3819
4206
2352
4933
4757
2554
2444
4163
2343
4412
4434
2633
1817
494
2845
2108
568
3564
2104
4026
2579
3179
169
1741
4891
904
4837
2363
2291
3789
4204
2462
4347
2908
3747
4104
1814
1191
3267
509
1955
4053
3142
3772
4547
987
880
1467
904
2985
493
3483
2516
2014
1576
2407
4270
1413
1123
2913
1554
327
375
901
3236
4122
5
50
1665
4624
560
3621
3677
54
3745
3224
2394
978
4692
3298
315
1537
1781
4183
4904
4709
2943
4174
1122
4066
2088
2676
4393
3815
4929
3981
4290
4934
384
2307
4558
2296
2280
3235
2350
1026
2811
4744
3356
3855
3042
23
1745
1175
4206
1649
884
3501
2175
3358
2567
615
2386
3313
783
2315
3646
73
3601
4030
2380
3159
1326
4661
2746
3677
2039
1910
4773
1747
2117
2816
1770
3862
343
2328
1863
2580
830
4039
938
4749
4654
4677
3062
437
3344
1709
1862
1946
2091
595
1457
4770
1608
556
4799
3647
2466
4572
1746
4583
3740
3516
3446
4084
2196
309
1664
3026
700
3954
2776
355
4983
2190
2144
3328
251
4007
274
2343
4602
3083
2113
1210
3639
1912
1209
1105
2836
4307
2041
1577
2823
1839
2013
1371
2148
29
750
4201
3983
3526
4556
3967
2068
3052
3647
3672
3411
273
1015
4365
3356
4480
1927
3348
2744
3136
4453
1932
2443
2846
3509
1618
4685
522
4342
3186
551
92
2387
887
4970
3295
1206
2038
2699
4853
710
1111
1478
3077
476
4834
3909
2404
4534
1653
1892
3988
3586
688
3186
3447
3658
2872
322
3000
2410
2225
3092
4797
3112
3062
4444
670
101
2143
1875
2163
3254
3353
1593
3731
4540
502
2487
4074
3508
4379
4414
3446
67
2601
1893
3726
1825
3567
1726
4235
793
1171
384
257
4233
4828
928
686
1971
4155
4202
226
2509
795
309
3401
1297
2796
3827
1157
3527
3242
4603
4947
2195
2849
25
372
1416
3103
4607
3561
4274
4991
3819
3508
4819
1099
546
1790
254
4748
3368
4115
543
3677
2516
3193
2825
2696
4350
2705
938
3954
2652
4485
3155
2677
4857
4571
780
4464
3133
55
807
3304
4915
1978
4403
461
120
1009
210
3489
125
2105
3518
3993
298
2696
1689
1001
401
3979
4955
4405
3464
4462
2082
4673
4033
2862
489
3518
4269
1296
1822
536
4626
1225
998
4747
3587
2560
4588
3712
4665
3106
4057
1316
2154
747
2317
3907
1078
3624
3312
895
3086
394
568
3471
4609
1058
1990
230
3706
164
767
3333
2742
3117
3080
1329
677
2668
41
1694
2126
450
3010
633
1197
1679
4540
3628
1655
2853
4523
4741
4599
91
4565
4208
1149
2907
791
4856
3071
1558
3189
813
4675
2621
3494
1704
1641
4887
3398
3767
338
2761
4400
2887
4440
293
1515
1096
3146
1038
2189
2745
2482
3106
3306
3631
1013
449
4839
437
2007
4380
1250
3034
2001
4745
4738
3642
984
3136
3762
1322
2249
4514
4210
1690
4807
725
4138
4305
3116
2679
3403
598
786
3061
581
3151
3510
1773
3588
517
1153
1191
4903
4507
2288
4641
4501
3272
4129
4615
4595
1379
4130
157
4421
289
882
4911
4595
350
2590
4350
2300
4728
2411
2882
4232
921
4655
2820
2790
2160
363
2693
3019
2651
2334
3873
924
1463
3488
1871
4194
3970
2028
3615
612
4262
3526
1559
4613
2469
909
1913
3549
3320
1147
2781
593
802
1954
3383
4315
2317
1076
3686
4969
3410
2559
2245
1225
2400
4116
420
1370
2496
387
3334
1758
3914
4893
1371
2735
2154
4637
1284
474
784
4066
1067
2939
1020
4450
3606
4689
1878
2292
4658
1640
4852
3255
2866
2252
2371
4638
4974
4867
25
3309
2978
291
4554
701
3026
1709
338
4311
3535
2475
4729
955
414
2101
1757
4020
1790
3636
2664
2801
276
2516
1056
4494
1120
3428
484
2447
4647
510
2108
3977
2153
1662
4679
1532
4723
17
2195
3259
2492
3276
4214
4258
377
2323
4630
2167
959
2295
4968
2588
1163
1025
2082
2284
805
2567
4731
1804
4429
3191
782
2934
4853
461
4466
929
1830
3013
4188
675
1289
4754
1285
1666
2077
916
186
3037
4563
154
1977
726
2531
4059
4362
4688
2978
445
2845
2407
3636
3627
342
4842
440
1160
771
3622
4174
4959
4297
463
1065
583
3482
3142
2851
3668
2531
2414
174
4508
4492
4058
4920
3855
3746
2898
652
1591
306
4289
1570
2000
483
3362
4512
1254
1985
3686
2565
2634
502
4982
3217
336
3124
2420
4004
2008
4834
530
2868
679
4588
2788
4534
3335
2039
1538
1278
3697
827
4201
697
2662
2563
209
3916
900
248
2833
3535
2102
2815
3104
2438
2292
525
2794
652
1711
3324
3520
2390
2913
2661
3276
2600
4700
4815
230
3397
642
4431
446
4657
3347
2007
3573
4247
3607
2759
2782
709
574
887
4499
2866
2764
3645
3518
4475
1970
3391
1866
1235
1052
142
187
2104
4957
1769
501
1952
1201
2299
1609
900
4306
1534
147
4266
4293
4282
4975
1220
169
827
4086
4285
4472
3957
3760
2794
3700
1978
381
4752
2121
568
3208
3430
2338
61
1734
4891
2360
4695
791
3018
1230
2290
2284
1875
1572
3612
3095
3093
4439
3534
2378
263
2491
1139
3058
1191
4469
3439
2295
2942
360
503
1373
2698
564
4459
3941
2924
4155
4732
2294
385
2022
4579
2260
4947
3191
1708
3040
2630
242
419
4245
2733
2910
2303
276
2379
2095
3923
322
2455
4426
3047
1505
1342
2506
1798
618
1661
1530
2912
3398
4904
2491
2011
4851
682
3719
4244
4664
3961
4663
3910
3046
2573
2565
4674
1304
1012
3597
1626
3467
3023
1025
1324
717
3532
3122
1335
1545
1004
4247
1296
2261
3091
4659
3464
125
4730
2708
4790
43
2371
52
3089
1296
3969
2763
2601
4982
2712
579
4801
2087
1605
1126
2804
1489
600
4139
4386
1605
3386
2034
218
2829
1693
3682
2955
2775
1391
4097
2818
114
501
2259
2763
4470
1374
1716
804
4086
2295
606
1173
252
3084
3977
3093
3684
3116
3832
1641
2855
866
1859
684
3912
1894
3639
1687
4637
4088
4506
1103
4589
1765
3866
4060
3140
582
1216
3578
4230
1822
4752
4482
1258
3729
3928
1295
3198
2760
2936
1053
3626
1148
3089
3890
4394
3081
578
4031
2169
1436
134
1759
3201
4001
2171
2693
935
3387
1272
165
1562
1024
1000
2820
1105
4928
4115
655
2688
3404
1708
2666
904
1150
1557
298
583
2135
4329
4104
3571
4463
863
3124
4816
4386
2170
752
4126
3442
2269
2040
818
3269
1212
3275
4549
328
3931
3589
84
1991
1256
988
4493
4165
2638
76
2652
1967
4181
2575
2782
1396
699
3951
2135
4221
1055
1261
4015
3324
4653
4833
2946
865
4461
2495
2545
3392
1085
2629
1735
3693
4969
1229
2858
2607
1305
1862
926
486
4437
61
3235
1488
4012
370
710
1419
2983
4725
4743
2636
911
4041
3501
372
1537
1047
116
3974
28
1851
2667
1350
3080
1877
3957
738
3739
1236
1224
3176
1297
811
1016
1661
1181
1726
3080
4164
2804
4175
1800
3715
3217
302
439
4754
2701
1907
80
4081
3758
2747
431
3191
976
741
3929
4715
1977
1505
4243
4626
2317
259
1287
3498
3338
719
2663
2494
4894
815
2561
3111
2469
3000
2865
1522
4907
2945
604
17
2044
1035
3208
4372
1776
2137
4087
105
4995
4682
4731
2312
1294
2370
2162
984
3089
1177
3478
2984
1993
1039
1095
814
391
313
2337
298
4610
2941
1667
3007
3976
4876
2379
2105
3365
2819
2210
4712
3853
3294
2024
147
664
539
2483
3754
1716
961
3090
61
3352
537
876
3743
2202
4565
393
1813
2506
2061
1172
2834
3289
3551
4939
3006
2722
3502
2719
1576
1796
1095
3075
3812
1634
559
3918
4703
2872
2008
4764
1225
2546
1992
4968
4748
1557
1714
2913
4063
127
4085
3250
3416
3989
4541
2774
3063
3043
493
4639
1191
1589
2715
1356
4575
4626
274
4278
2498
3635
4043
3723
1181
2387
44
2281
3945
3110
1547
4360
3237
1984
2610
3005
2325
2152
779
389
1547
2625
1380
4091
4214
4095
1799
141
73
2073
4420
2572
708
4815
2647
3241
2202
4043
1875
2499
2153
3422
1860
390
1758
4470
4747
4084
2974
527
4473
874
3152
853
1317
3718
1301
3116
3859
2726
1541
4631
298
2250
798
4298
1843
3001
3341
3718
500
495
2140
3712
2237
251
4535
1985
4335
3861
3864
160
1087
3368
2365
2404
2086
18
1872
2297
2745
3414
1929
3043
2016
4079
3693
3859
2080
2035
2578
3933
3882
1070
3997
2471
1321
3532
4456
2008
2394
4672
2168
3481
3040
886
2238
126
904
462
3776
3649
3876
2057
3045
2244
1136
1738
1104
4569
125
34
4854
4007
2456
3851
1479
130
2384
2287
2138
1130
1960
659
4611
1352
1545
3201
2831
3801
3664
1607
3803
3892
3664
3200
1137
4800
4938
3593
4369
1416
3627
4223
423
2435
3075
3254
2565
1811
542
1056
2941
3854
1715
3904
206
4612
2106
3037
4765
770
4644
3568
4662
3308
1768
799
4461
3059
4392
182
4475
4371
4406
4898
3159
3833
3153
724
644
47
1780
4937
3901
4847
3841
4107
811
947
3497
577
1717
3141
4145
2732
2802
2266
4883
3615
325
628
3797
4800
4999
4555
1050
3158
3388
4203
235
384
602
3367
321
4503
3215
515
4963
378
1462
3460
955
4532
2953
1453
3616
2107
3719
3499
2074
4044
4127
872
3844
479
427
4894
4989
168
450
224
1904
2404
4944
3578
1908
4511
4093
3223
4889
1907
3035
845
2791
2340
2298
1407
800
2369
4907
2874
1413
386
98
1609
865
526
2855
2207
2046
4657
2431
3950
2062
3727
3880
3970
3238
2973
3545
3128
1233
1580
325
4024
272
3975
432
1072
1344
1691
3947
2757
3429
4045
718
4295
923
3573
1502
2969
3231
285
3272
1645
4013
3504
1967
2251
1478
512
1731
2711
3444
2056
1735
3716
1031
3519
4789
2375
1562
3736
1484
4992
4133
3554
639
57
2128
3493
4378
1711
3778
4002
3356
4143
2507
323
2747
337
2187
4478
4400
631
2887
2487
4347
270
1007
488
2646
3921
576
482
3913
4710
4037
4552
1119
2517
3045
1849
580
3176
2204
3936
3671
4711
611
1418
1400
2798
2249
800
4781
1488
3287
4128
1758
646
4617
756
4568
193
1239
3481
1255
1628
4386
3726
497
3783
576
1077
1959
2780
1365
631
3843
1976
3401
1595
1126
2002
2395
907
4842
682
1387
1601
2681
1004
2357
2249
2550
4948
2082
157
2928
1468
3884
3425
252
812
854
3563
3592
2219
546
3787
547
300
382
1673
2302
2777
3932
2145
4811
320
98
3844
2676
3807
1093
1578
3756
3176
1736
3036
996
1972
1462
1248
2784
3668
1164
2728
888
1710
1515
2787
2010
3249
4461
665
2378
4745
4162
3541
65
4260
2386
4094
4419
3479
672
3175
3007
3760
2564
4004
732
378
1604
4868
4046
2768
2596
4934
831
463
4074
2841
64
4887
4858
2442
4632
372
984
4698
4632
4722
144
404
4553
816
3579
2561
4577
1143
2917
1661
1521
4521
1530
1920
3642
478
3206
4473
2294
2280
3666
2358
2167
3525
1153
1800
3897
3489
2850
4882
3211
2994
286
2764
162
217
1677
4739
2713
4594
2753
586
4116
4283
2506
2758
1113
713
3583
3407
4345
2249
2118
1513
2126
3271
4665
1024
1760
2515
2258
1323
1861
3896
439
2023
465
2117
3115
3178
1711
868
117
2179
151
3975
4937
2616
4688
4872
1024
386
2122
4494
1899
4248
2765
1564
1624
877
431
234
3552
2292
4130
3991
667
4596
1108
3782
4126
2820
4650
4243
4999
1153
3219
1289
3770
4259
2513
1146
4645
4635
640
2896
236
4757
4460
1860
1986
1243
3447
538
4887
2577
4529
555
3525
638
4337
2652
4810
3988
3247
1161
1493
2818
3802
263
3430
1316
2761
3075
2303
3401
2324
2539
4510
3136
752
1496
4380
4199
3386
4267
3128
2916
4822
1654
4906
512
658
1068
852
257
3581
2345
3076
2384
3961
1506
52
1722
933
3707
1476
3257
2599
986
1394
3351
3835
2126
3902
2221
1393
3382
1489
2568
1388
2747
3080
3398
3815
284
3656
2397
2629
3084
1133
1590
4590
2537
4665
1875
2596
1141
1485
195
3479
4231
4898
2314
1357
152
888
4102
3535
2377
3022
4923
1477
1102
3322
292
1386
3330
4041
368
1414
1526
3310
2356
415
2975
4231
3012
4116
2068
3207
2596
1299
3106
1262
4008
3258
2150
3111
3145
880
2485
4421
2357
3588
2743
4001
1326
2425
4395
3046
3839
2273
1357
1195
2689
4332
1778
701
4801
3847
260
2397
1498
4718
11
507
4329
3514
4970
2474
4394
2455
1895
3103
2395
990
3456
74
3415
4203
4472
3606
1477
829
4801
4166
1514
2932
1219
1315
3131
2831
64
4629
2550
75
1488
3231
3589
2810
705
4335
266
3953
3790
4013
1295
2247
439
1063
1450
4912
4669
4279
741
823
4797
3607
107
1016
4922
3238
200
4986
2867
2750
1414
708
981
3
3518
3038
4339
136
3343
4481
4150
4639
1728
941
2054
4531
853
3075
162
2947
3898
4960
1554
4005
976
2829
2243
2528
2815
1463
1630
4229
2171
3963
585
689
2002
1276
826
1697
757
1328
2688
3838
2269
4742
3369
4475
2818
3531
2422
3068
4843
328
2074
2172
3157
669
4700
973
3484
1331
1554
655
294
2139
2697
3648
3415
4875
346
525
1203
3034
4363
4824
4129
4084
4299
1947
3967
1721
15
3811
2050
3441
983
1559
463
683
2532
3947
2014
439
955
3661
3930
3652
2309
2346
3527
4007
2871
1082
2042
3586
906
1171
2670
206
4470
1637
3279
837
448
1681
631
1431
3241
1094
3467
2125
41
1833
3916
2348
494
2847
1000
4156
193
879
3163
4416
3313
1557
3002
4220
4080
2024
778
3550
3661
409
740
462
3443
1371
3245
1684
2465
1712
161
3858
4898
4078
1207
392
1925
3559
900
3470
791
4064
4238
4104
621
3592
4676
1054
616
1806
4604
4277
2216
344
1091
659
3067
4337
3695
532
1049
3856
743
2299
4286
1950
2692
1211
1861
4944
1033
2652
4008
271
3109
982
215
2785
3388
831
4592
2992
1461
3160
4689
2552
171
4108
3241
3866
4641
643
4074
1736
2942
3361
3686
1986
924
1899
1931
3310
4552
2291
4933
4013
4625
149
1798
3013
2332
2742
2358
3793
2254
2047
2698
2425
1155
939
1291
2148
1582
1718
3884
4525
1431
3922
1511
2355
822
4794
2017
1726
2086
1951
2091
1711
3452
3889
4725
784
2984
2083
930
238
482
3628
4016
2989
919
1659
1490
3854
3377
1726
4731
4808
649
2594
3516
2823
2389
1885
901
4475
3836
2992
2538
2288
3233
3615
3073
2569
698
4003
2808
2532
3983
3176
1874
1254
4835
3364
108
3213
90
4839
4373
2091
2434
4241
1266
1175
1127
2167
650
1315
1511
4540
3604
4745
3156
3029
2314
206
3384
1474
2739
2367
4650
4613
4973
4486
4329
82
4051
4419
4921
4776
2863
3707
4018
4129
4882
145
1297
1884
2812
4160
2777
1416
3905
933
797
2572
1139
4181
4046
230
2900
49
1195
2874
887
524
2956
4938
1296
4229
4714
4159
4289
84
4640
523
1581
937
3760
4394
98
1537
2162
355
2470
2960
4279
4961
2141
3326
192
42
4727
2739
4268
614
3264
3576
1904
912
2805
2970
1423
3446
3055
1063
3970
988
3353
4082
382
4803
619
2545
158
4441
1857
4438
754
3998
4116
946
392
195
38
1012
809
4654
4588
4065
566
3746
2035
1989
2192
1442
4404
2514
2431
2757
2948
4165
2560
3567
3062
4071
4360
4919
3509
115
270
3977
2413
662
4172
2451
1675
1333
2105
2615
398
4023
1361
3785
1012
4906
228
1769
3772
4011
4526
1721
3176
2087
288
2591
1158
4649
2510
1019
4764
2780
1348
2177
4795
520
981
2822
3205
3086
437
3603
3462
3151
3740
826
3057
3968
2595
1829
2979
2122
3550
2508
561
191
99
3071
1192
3961
442
956
3094
1790
4485
4241
3662
1818
2063
1867
1257
3852
1822
4719
3355
562
545
1412
883
3141
4594
214
263
3144
2722
2176
4687
4173
247
879
4487
689
3187
2581
2479
4025
1822
2493
843
237
4360
2100
441
2534
1819
3797
3096
2365
1561
331
1858
1155
546
2121
652
3268
4297
1691
3794
896
2571
3281
1585
758
2214
416
1135
388
2909
1979
1977
3621
431
2418
1155
3603
2567
603
968
481
935
2826
2988
1481
1299
3640
1101
1948
332
1247
4196
4255
4528
781
1365
3094
2549
2501
3482
1810
832
459
1783
1263
4230
4290
4866
1797
1245
2186
2278
2180
1364
267
13
4015
259
2467
2315
1943
3714
1511
2550
4595
3644
3916
2689
1193
2769
1172
4355
3601
1631
1138
1216
861
1780
1083
4011
3026
4621
2641
1558
2338
4260
1572
1353
872
391
3669
4167
4105
180
1718
52
177
1986
2742
2722
4755
3914
2078
3356
1897
4568
4572
4111
2701
2007
4474
727
1629
3467
2285
3967
2728
209
1672
4952
600
1693
4119
1058
3226
2189
1110
3403
4175
3852
1125
3930
4118
4555
3638
2368
476
4563
2831
3177
1570
2305
3904
4551
772
2541
4870
4852
2751
2895
1156
4703
4588
276
761
2814
3817
3224
1217
2993
3428
3695
3275
3899
3250
1914
1267
3726
2829
450
1903
4399
2755
2159
303
4879
4701
1525
1084
2452
4420
2240
3507
4009
3868
4269
1823
2686
3845
4393
2031
2273
3088
306
1172
1338
3572
3791
1417
1401
4241
4672
2153
3348
1832
2456
4580
2885
333
664
1689
4754
4256
196
115
4477
817
1938
2163
4662
2683
4194
1936
771
852
4460
3462
4425
4604
4879
826
3845
4551
2979
3546
2735
1787
3126
1972
2121
142
3661
3227
750
210
3342
227
1027
1632
2390
2042
668
2936
330
1439
3789
4790
4901
3214
4394
1132
392
4592
2036
3372
3138
4771
1511
2616
3096
4984
2758
3109
4563
3508
3319
4257
88
699
890
2478
2741
1558
1767
3071
4349
556
4213
4251
122
3608
383
514
4552
3771
238
4042
4895
3102
3010
2991
3086
2120
1100
4002
1980
4420
3259
2068
1471
501
899
4212
3411
2666
2283
2761
4574
1496
3364
4696
1456
99
1562
2360
3871
3153
1402
3766
1255
764
1757
693
2884
4209
4695
4865
4981
2955
1933
1452
3456
2832
664
1868
1850
4299
981
1424
796
4345
2472
3604
4444
387
965
3315
3540
3719
3433
1147
4484
190
3192
3720
752
2888
3585
733
2195
1871
2186
651
4703
4202
3871
1554
3502
4852
4330
650
549
1803
4254
4994
3542
1571
4661
2082
1643
3095
4581
1127
4637
2773
1199
389
661
4785
1123
4208
1656
4661
1212
2711
3863
83
617
2365
1288
4948
4367
1837
3103
3622
3183
1645
1545
4197
79
3188
2292
4660
667
3281
3785
1867
3671
799
1652
1146
7
4660
2159
1219
2371
1022
2655
4341
4740
295
641
459
2132
3744
4081
1668
1741
627
865
3172
3815
4509
4184
4483
2790
2969
1350
2813
3768
4354
311
128
366
2470
1347
2737
4845
354
3430
937
649
4071
1396
4134
4167
1830
802
908
2457
3019
4080
2624
2528
4616
3459
1670
2586
1161
4484
2706
1867
1147
2834
2233
3618
534
1323
4815
888
4753
2104
2890
3825
3500
2024
2992
330
4178
253
4139
2197
685
3116
1077
302
2927
2747
2888
4089
3583
1946
956
4731
4781
3190
4701
1667
4513
4516
2555
4266
1620
445
4443
1472
3821
3788
3155
2999
393
3646
1548
1078
1762
2625
1380
4690
1725
620
131
308
3919
1087
1391
3700
629
1092
1719
142
1960
626
761
4932
2424
1556
2757
1245
1696
912
597
2089
4558
2145
3168
2673
4771
900
3715
2848
2873
198
3156
1792
1285
900
1844
1915
1992
3563
3409
305
4189
522
237
1613
3431
2994
4211
127
258
4808
2217
1169
1953
1737
194
3076
2637
261
924
1862
459
433
3654
1744
1333
1850
11
4677
413
4773
4982
955
295
1572
3920
78
918
3131
206
1177
2939
2423
3698
1245
4160
3892
4321
3149
4153
1598
1364
4612
3383
18
2708
4716
3221
2720
745
4986
3845
728
941
492
2300
1214
571
3218
4345
777
747
3637
4552
4445
4882
64
3337
555
4565
3842
2153
929
3454
536
2300
1163
1604
521
235
2350
507
432
4430
2801
924
3082
4015
1495
2652
3360
3624
3400
3349
3176
4197
3231
3240
2535
139
2806
2729
2292
3735
1184
4181
2387
3699
2137
2908
286
839
3416
718
269
1217
1642
3351
232
4490
1004
4944
3114
756
3294
1291
4953
2877
883
3840
3016
41
1570
1661
129
4106
2194
2516
2805
4331
425
3091
171
193
161
1792
1410
3155
1496
2994
2645
3852
4290
760
4608
2584
3403
913
1814
638
4754
1182
680
1324
2843
2161
430
1389
4677
4587
721
102
4030
2244
1647
4191
388
3057
2346
1884
2403
4992
