5
13
17
17
17
18
20
23
24
25
25
27
28
29
30
34
39
39
41
43
44
47
50
52
54
55
56
56
59
59
61
61
61
62
62
64
66
67
68
68
73
73
73
73
73
76
77
80
84
84
86
91
92
94
95
99
101
103
105
107
111
114
116
120
121
121
121
125
125
125
126
127
127
128
129
130
134
134
139
141
142
144
147
147
147
150
153
154
157
160
161
164
164
165
165
165
166
169
169
169
174
174
177
181
182
183
185
185
186
187
188
189
189
191
202
206
209
210
210
212
216
218
218
225
226
227
230
230
233
236
240
242
242
248
248
251
251
251
252
254
254
257
258
259
263
268
269
271
273
274
274
274
276
276
282
282
288
289
291
293
293
296
297
298
298
298
298
302
306
306
307
307
309
309
313
313
314
315
322
322
322
323
323
327
328
328
331
331
333
335
336
337
337
338
338
339
339
341
342
343
349
350
351
351
353
355
356
358
358
359
360
363
364
370
372
372
373
374
375
377
380
380
381
382
384
384
385
387
389
390
390
391
393
394
394
401
407
409
410
412
414
416
419
420
420
423
426
427
428
431
435
437
437
438
439
439
440
445
446
446
449
450
457
460
461
461
462
463
463
472
474
474
474
476
478
479
483
483
484
486
486
489
489
490
493
493
493
494
495
498
500
501
501
501
502
502
502
503
504
504
509
510
511
517
519
519
522
525
527
530
530
531
533
533
534
534
535
536
536
537
539
539
542
543
546
550
550
551
556
557
559
560
560
564
568
568
568
570
573
574
577
578
578
579
581
582
583
583
583
583
585
589
590
590
592
593
593
595
596
598
600
604
606
612
613
615
616
618
622
623
627
627
629
631
633
636
639
639
642
644
646
651
652
652
652
652
654
655
655
659
664
665
667
669
670
671
675
675
676
676
677
679
682
684
685
686
686
686
688
692
695
697
699
700
700
700
701
701
707
708
709
709
710
710
710
714
716
717
718
719
720
724
724
725
726
726
726
729
729
731
738
739
740
741
741
747
747
748
750
752
753
754
754
755
761
762
767
770
771
779
780
782
783
784
785
786
788
791
791
792
793
793
793
795
795
798
799
799
800
802
804
805
805
807
811
811
813
814
814
815
816
818
820
823
824
827
827
828
830
830
831
831
852
853
853
855
857
859
863
865
865
866
874
874
876
877
880
882
884
884
884
886
887
887
891
893
895
897
898
898
900
900
901
901
904
904
904
904
904
909
911
915
916
918
921
924
926
928
929
929
929
931
931
931
935
938
938
941
943
944
946
947
950
953
955
955
956
958
959
961
964
965
966
966
967
967
970
976
976
978
978
978
981
984
984
985
987
988
993
998
1000
1001
1002
1003
1004
1005
1009
1012
1013
1013
1013
1014
1015
1016
1017
1020
1024
1025
1025
1026
1026
1026
1031
1035
1037
1038
1039
1042
1047
1047
1047
1052
1052
1052
1052
1053
1055
1056
1056
1056
1057
1058
1058
1060
1061
1063
1065
1067
1070
1075
1076
1077
1078
1078
1080
1081
1083
1085
1087
1089
1092
1093
1094
1095
1095
1095
1095
1096
1097
1097
1099
1102
1103
1104
1105
1105
1110
1111
1114
1119
1120
1120
1122
1123
1125
1126
1130
1130
1130
1131
1133
1136
1137
1139
1142
1143
1143
1147
1148
1149
1150
1150
1153
1157
1160
1160
1161
1162
1163
1171
1172
1173
1174
1175
1176
1177
1181
1181
1188
1189
1190
1191
1191
1191
1191
1195
1197
1199
1201
1202
1204
1204
1206
1209
1210
1211
1212
1215
1215
1216
1217
1218
1220
1223
1224
1225
1225
1225
1228
1229
1230
1230
1231
1235
1236
1240
1240
1243
1250
1254
1256
1258
1258
1260
1260
1261
1261
1268
1268
1270
1272
1274
1274
1278
1278
1284
1285
1287
1287
1289
1290
1293
1294
1295
1295
1296
1296
1296
1296
1296
1297
1297
1301
1304
1304
1304
1305
1307
1309
1310
1316
1316
1317
1321
1321
1322
1323
1324
1326
1329
1330
1335
1337
1339
1341
1342
1346
1346
1347
1348
1348
1350
1352
1353
1355
1356
1361
1370
1371
1371
1371
1373
1373
1374
1379
1380
1387
1391
1395
1396
1397
1401
1406
1410
1411
1413
1416
1416
1416
1419
1421
1433
1436
1441
1444
1450
1457
1463
1465
1467
1469
1470
1472
1478
1479
1488
1488
1489
1493
1494
1497
1505
1505
1506
1509
1512
1513
1515
1517
1518
1518
1519
1520
1522
1529
1530
1532
1534
1537
1537
1537
1538
1541
1542
1544
1545
1545
1545
1546
1547
1547
1550
1554
1555
1557
1557
1558
1558
1559
1560
1562
1562
1565
1570
1571
1571
1572
1574
1575
1576
1576
1577
1583
1586
1589
1591
1592
1593
1594
1596
1605
1605
1606
1607
1607
1608
1608
1609
1609
1610
1618
1618
1624
1626
1627
1632
1634
1635
1640
1641
1641
1643
1647
1649
1649
1653
1654
1655
1658
1659
1661
1661
1662
1664
1665
1666
1667
1667
1672
1679
1687
1689
1690
1693
1694
1694
1696
1704
1705
1708
1708
1709
1709
1711
1711
1713
1714
1715
1716
1716
1716
1717
1720
1722
1725
1725
1726
1726
1729
1729
1734
1734
1735
1736
1738
1741
1744
1745
1746
1747
1750
1752
1754
1757
1757
1758
1758
1758
1759
1765
1765
1766
1766
1768
1769
1770
1773
1776
1780
1780
1780
1781
1790
1790
1792
1794
1794
1796
1798
1799
1800
1802
1802
1803
1804
1811
1811
1813
1814
1815
1816
1817
1819
1822
1822
1825
1827
1827
1830
1839
1841
1841
1843
1844
1849
1851
1852
1857
1859
1860
1862
1862
1863
1866
1867
1868
1869
1871
1872
1873
1875
1875
1875
1877
1878
1888
1889
1889
1892
1893
1893
1894
1900
1903
1907
1909
1910
1912
1913
1927
1928
1929
1932
1938
1941
1946
1946
1948
1952
1954
1954
1955
1960
1960
1966
1967
1968
1970
1971
1972
1976
1977
1977
1978
1978
1978
1984
1985
1985
1990
1990
1991
1992
1993
1996
2000
2001
2007
2007
2008
2008
2008
2010
2011
2011
2013
2014
2015
2016
2019
2022
2024
2028
2031
2032
2034
2035
2037
2038
2039
2039
2039
2040
2041
2044
2047
2049
2057
2057
2058
2059
2060
2060
2061
2068
2073
2075
2077
2079
2080
2082
2082
2082
2086
2087
2088
2091
2093
2094
2095
2095
2100
2101
2102
2102
2104
2104
2105
2105
2105
2106
2106
2108
2108
2108
2113
2114
2117
2117
2121
2122
2122
2125
2126
2126
2129
2133
2133
2135
2135
2137
2138
2140
2141
2143
2144
2148
2149
2152
2153
2153
2154
2154
2156
2159
2160
2161
2162
2163
2164
2165
2166
2167
2167
2168
2169
2170
2171
2175
2179
2179
2184
2184
2189
2190
2195
2195
2196
2196
2200
2202
2202
2202
2206
2206
2208
2210
2220
2221
2225
2225
2227
2228
2235
2237
2238
2244
2244
2245
2245
2248
2249
2249
2249
2250
2250
2251
2252
2255
2259
2260
2261
2261
2265
2266
2268
2269
2271
2274
2274
2277
2278
2280
2281
2284
2284
2287
2288
2289
2290
2291
2292
2292
2292
2294
2295
2295
2295
2296
2297
2299
2300
2303
2303
2307
2307
2308
2308
2308
2309
2311
2312
2312
2314
2315
2317
2317
2317
2319
2319
2320
2323
2325
2325
2326
2328
2333
2334
2337
2338
2342
2343
2343
2343
2348
2350
2352
2355
2355
2357
2359
2360
2363
2365
2368
2369
2370
2371
2371
2371
2372
2375
2378
2379
2379
2380
2384
2386
2386
2386
2387
2387
2388
2389
2390
2394
2394
2396
2400
2401
2402
2404
2404
2407
2407
2410
2411
2414
2420
2420
2423
2428
2431
2432
2435
2435
2436
2438
2441
2442
2443
2444
2446
2447
2450
2455
2456
2458
2462
2466
2469
2469
2471
2472
2475
2482
2483
2485
2487
2491
2491
2492
2494
2495
2496
2498
2499
2501
2506
2506
2509
2511
2511
2516
2516
2516
2516
2517
2522
2526
2527
2528
2528
2530
2531
2531
2535
2535
2544
2545
2546
2546
2548
2553
2554
2559
2560
2561
2563
2563
2565
2565
2565
2565
2567
2567
2571
2572
2573
2575
2576
2578
2578
2579
2580
2582
2588
2589
2590
2593
2600
2601
2601
2601
2603
2604
2607
2608
2608
2609
2609
2610
2612
2617
2621
2625
2625
2627
2627
2629
2630
2633
2633
2633
2634
2636
2636
2636
2636
2638
2642
2647
2649
2651
2652
2652
2652
2654
2655
2657
2658
2661
2662
2663
2664
2665
2665
2666
2667
2668
2672
2674
2676
2676
2677
2677
2679
2684
2685
2688
2693
2693
2696
2696
2698
2698
2699
2701
2704
2705
2708
2712
2713
2715
2719
2722
2724
2725
2726
2732
2733
2734
2735
2738
2739
2740
2742
2743
2744
2744
2745
2745
2746
2747
2749
2749
2751
2755
2755
2759
2759
2760
2761
2762
2763
2763
2764
2774
2775
2776
2777
2781
2782
2782
2788
2788
2788
2788
2788
2790
2794
2794
2796
2801
2802
2804
2804
2807
2808
2811
2814
2815
2816
2818
2819
2820
2820
2822
2823
2824
2824
2825
2826
2828
2829
2831
2833
2834
2835
2836
2837
2839
2839
2843
2845
2845
2846
2849
2851
2852
2853
2853
2855
2856
2858
2860
2860
2861
2862
2865
2866
2866
2868
2869
2869
2870
2872
2872
2872
2875
2878
2878
2880
2882
2882
2886
2887
2889
2894
2897
2898
2899
2907
2907
2907
2908
2910
2912
2913
2913
2913
2921
2924
2925
2929
2932
2932
2933
2934
2935
2936
2939
2939
2941
2941
2942
2942
2943
2945
2946
2946
2952
2955
2960
2967
2970
2974
2976
2978
2978
2980
2983
2983
2984
2985
2990
2993
2993
2994
3000
3000
3000
3001
3001
3002
3005
3006
3006
3007
3010
3013
3013
3016
3018
3018
3019
3023
3023
3025
3026
3026
3031
3034
3037
3037
3037
3038
3040
3040
3042
3043
3043
3044
3045
3046
3047
3049
3051
3052
3054
3055
3058
3059
3060
3061
3062
3062
3063
3067
3068
3071
3075
3075
3075
3077
3078
3078
3080
3080
3080
3081
3083
3084
3084
3085
3086
3088
3089
3089
3089
3090
3091
3091
3092
3093
3093
3095
3096
3097
3099
3100
3102
3103
3104
3105
3106
3106
3106
3108
3110
3111
3112
3116
3116
3116
3117
3122
3124
3124
3126
3130
3130
3130
3132
3133
3136
3136
3136
3140
3141
3142
3142
3142
3143
3145
3145
3146
3149
3149
3151
3151
3152
3153
3155
3159
3159
3162
3167
3170
3172
3176
3176
3179
3182
3184
3185
3186
3186
3186
3188
3188
3188
3189
3189
3191
3191
3191
3192
3193
3193
3197
3197
3197
3198
3199
3200
3200
3201
3201
3202
3208
3208
3208
3210
3212
3217
3217
3221
3222
3223
3223
3224
3232
3233
3235
3235
3235
3236
3236
3237
3238
3239
3240
3240
3241
3242
3249
3249
3250
3251
3254
3254
3255
3256
3259
3260
3267
3269
3272
3274
3275
3276
3276
3277
3281
3289
3291
3293
3294
3294
3295
3295
3298
3298
3300
3302
3304
3306
3308
3309
3309
3312
3313
3320
3324
3324
3328
3329
3333
3334
3335
3335
3335
3336
3338
3339
3340
3341
3344
3344
3346
3347
3347
3348
3348
3352
3353
3356
3356
3358
3359
3362
3362
3364
3365
3368
3368
3376
3383
3383
3383
3384
3385
3386
3386
3387
3391
3391
3392
3393
3395
3397
3397
3398
3398
3398
3400
3401
3403
3404
3405
3410
3411
3411
3414
3416
3416
3421
3422
3422
3422
3426
3428
3430
3435
3437
3439
3442
3446
3446
3447
3447
3451
3451
3455
3463
3464
3464
3465
3467
3467
3471
3471
3475
3478
3478
3481
3482
3483
3485
3485
3488
3489
3493
3494
3496
3497
3497
3498
3501
3501
3502
3502
3508
3508
3508
3509
3510
3515
3516
3518
3518
3518
3520
3520
3522
3526
3526
3527
3527
3528
3532
3532
3534
3535
3535
3539
3540
3541
3546
3549
3550
3551
3558
3561
3564
3566
3567
3568
3570
3571
3572
3573
3574
3575
3578
3582
3584
3584
3586
3587
3588
3589
3593
3595
3597
3599
3600
3600
3601
3605
3606
3606
3606
3607
3610
3612
3615
3619
3621
3622
3622
3624
3626
3627
3627
3628
3631
3635
3636
3636
3639
3639
3639
3642
3644
3645
3646
3647
3647
3647
3649
3649
3650
3653
3653
3654
3655
3658
3658
3659
3661
3663
3664
3664
3665
3666
3667
3668
3672
3677
3677
3677
3677
3678
3682
3683
3684
3686
3686
3693
3693
3694
3697
3700
3706
3708
3710
3710
3711
3712
3712
3712
3714
3715
3718
3718
3718
3719
3719
3721
3723
3726
3726
3728
3729
3729
3731
3734
3736
3738
3739
3740
3742
3743
3744
3745
3746
3747
3751
3754
3756
3756
3756
3758
3760
3760
3762
3767
3767
3769
3772
3776
3786
3786
3789
3796
3798
3798
3801
3801
3802
3803
3803
3811
3812
3812
3812
3812
3813
3815
3819
3819
3823
3825
3826
3826
3827
3828
3830
3832
3833
3833
3834
3834
3841
3849
3850
3851
3852
3853
3854
3855
3855
3855
3856
3859
3859
3861
3862
3864
3865
3866
3868
3873
3874
3876
3878
3881
3882
3886
3887
3890
3891
3892
3893
3901
3901
3903
3904
3907
3909
3910
3911
3912
3914
3916
3917
3918
3919
3923
3923
3924
3927
3928
3928
3929
3930
3931
3933
3937
3937
3937
3938
3939
3941
3942
3943
3943
3945
3945
3950
3951
3951
3951
3952
3954
3954
3954
3956
3957
3957
3958
3961
3967
3969
3969
3970
3972
3974
3974
3976
3976
3977
3977
3979
3979
3981
3983
3984
3985
3988
3989
3993
3995
3997
3998
4001
4004
4006
4007
4007
4008
4011
4012
4013
4014
4014
4015
4020
4024
4026
4030
4031
4033
4034
4039
4041
4041
4042
4042
4043
4043
4049
4050
4053
4055
4057
4057
4057
4058
4059
4060
4063
4066
4066
4067
4068
4070
4072
4074
4075
4075
4077
4079
4081
4082
4084
4084
4084
4085
4086
4086
4086
4087
4088
4090
4091
4093
4095
4096
4097
4099
4103
4104
4104
4105
4107
4108
4115
4115
4116
4120
4121
4122
4126
4128
4129
4129
4130
4132
4134
4135
4136
4138
4138
4139
4139
4142
4145
4146
4147
4148
4148
4149
4155
4155
4155
4158
4159
4159
4159
4162
4163
4164
4164
4165
4170
4174
4174
4175
4177
4180
4181
4183
4188
4188
4194
4194
4196
4198
4199
4199
4200
4201
4201
4202
4202
4203
4204
4204
4206
4206
4207
4208
4210
4210
4213
4214
4214
4214
4216
4219
4219
4221
4223
4228
4230
4230
4231
4232
4233
4235
4240
4243
4244
4245
4247
4247
4247
4257
4258
4259
4262
4263
4263
4264
4264
4266
4268
4269
4269
4270
4270
4272
4274
4275
4278
4279
4280
4282
4285
4289
4290
4292
4293
4293
4297
4298
4298
4299
4300
4301
4304
4305
4306
4307
4309
4311
4315
4318
4329
4329
4333
4335
4335
4337
4342
4342
4345
4346
4347
4350
4350
4352
4356
4358
4359
4360
4362
4362
4363
4365
4365
4365
4367
4368
4368
4369
4371
4372
4377
4379
4379
4380
4380
4381
4383
4383
4385
4386
4386
4392
4393
4394
4394
4394
4395
4396
4400
4400
4403
4404
4405
4406
4412
4414
4420
4421
4422
4422
4425
4426
4429
4429
4430
4431
4433
4434
4437
4437
4437
4439
4439
4440
4441
4444
4450
4451
4453
4456
4456
4459
4460
4461
4461
4462
4462
4463
4464
4465
4466
4466
4469
4470
4470
4470
4472
4472
4473
4475
4475
4475
4479
4480
4482
4485
4490
4492
4493
4494
4499
4501
4506
4507
4507
4508
4509
4512
4514
4514
4515
4516
4518
4519
4522
4523
4523
4525
4526
4526
4531
4533
4534
4534
4535
4536
4540
4540
4540
4541
4544
4545
4545
4547
4549
4549
4550
4553
4554
4554
4556
4556
4558
4558
4559
4560
4561
4562
4563
4564
4565
4565
4565
4569
4570
4571
4572
4572
4573
4575
4575
4578
4579
4583
4585
4587
4588
4588
4588
4589
4592
4594
4595
4595
4595
4599
4599
4600
4600
4602
4603
4604
4605
4607
4609
4610
4610
4611
4612
4613
4613
4615
4615
4623
4624
4626
4626
4626
4626
4627
4629
4630
4631
4637
4637
4638
4639
4639
4641
4643
4644
4644
4647
4648
4650
4653
4654
4654
4655
4656
4657
4657
4658
4659
4659
4660
4661
4662
4663
4664
4664
4665
4666
4667
4668
4669
4672
4673
4674
4675
4676
4677
4679
4682
4683
4684
4685
4685
4688
4689
4691
4692
4695
4700
4701
4703
4705
4705
4705
4708
4709
4712
4712
4712
4712
4713
4715
4719
4722
4723
4725
4728
4729
4730
4730
4730
4731
4731
4731
4732
4738
4740
4740
4741
4743
4744
4745
4747
4747
4748
4748
4748
4749
4749
4752
4752
4754
4754
4754
4757
4762
4762
4763
4763
4764
4765
4767
4768
4770
4772
4773
4773
4778
4787
4789
4789
4789
4790
4790
4796
4797
4799
4800
4801
4807
4808
4815
4815
4816
4816
4819
4821
4828
4833
4834
4834
4835
4837
4837
4839
4842
4847
4849
4851
4852
4853
4853
4854
4855
4856
4856
4857
4858
4867
4869
4869
4873
4873
4873
4876
4881
4882
4884
4887
4888
4888
4890
4890
4891
4891
4893
4894
4895
4896
4896
4898
4901
4903
4904
4904
4907
4911
4915
4917
4920
4928
4929
4932
4933
4934
4935
4937
4937
4937
4938
4939
4941
4944
4947
4947
4947
4953
4955
4957
4959
4960
4961
4968
4968
4968
4969
4969
4969
4970
4970
4970
4974
4975
4975
4976
4977
4982
4982
4983
4984
4987
4991
4995
5000
