5
13
17
20
23
24
25
27
29
30
39
39
41
50
54
55
56
56
59
59
62
62
64
66
67
68
68
73
73
73
73
77
84
86
91
92
94
95
99
101
103
107
111
120
121
121
121
125
127
128
129
134
139
144
147
150
153
157
161
164
164
165
165
166
169
169
174
177
181
183
185
185
188
189
189
191
202
210
210
212
216
218
225
226
227
230
233
236
240
242
248
251
251
254
254
257
258
268
269
271
273
274
274
282
282
288
289
293
293
296
297
298
306
307
307
309
309
313
314
315
322
322
323
323
327
328
331
331
333
335
337
337
338
339
339
341
343
349
350
351
351
353
355
356
358
358
359
363
364
372
373
374
375
380
380
382
384
384
390
394
394
401
407
409
410
412
416
420
426
427
428
435
437
437
438
439
446
449
450
457
460
461
463
472
474
474
476
478
479
483
486
489
489
490
493
493
494
498
501
502
502
504
504
509
511
517
519
519
522
530
531
533
533
534
534
535
536
536
539
543
546
550
550
551
556
557
560
560
568
568
570
573
578
581
583
583
585
589
590
590
592
593
593
595
596
598
612
613
615
616
622
623
627
627
629
631
633
636
639
639
646
651
652
652
654
655
665
667
669
670
671
675
676
676
677
685
686
686
686
688
692
695
700
700
700
701
707
709
710
710
714
716
718
720
724
725
726
726
729
729
731
739
740
741
747
747
748
750
753
754
754
755
761
762
767
780
783
785
786
788
791
792
793
793
793
795
795
799
800
802
805
807
813
814
816
820
823
824
828
830
830
831
831
852
853
855
857
859
865
874
877
880
882
884
884
884
887
891
893
895
897
898
898
901
901
904
904
904
909
915
918
921
924
928
929
929
931
931
931
938
938
941
943
944
946
950
953
955
956
958
964
965
966
966
967
967
970
976
978
978
978
981
984
985
987
993
998
1001
1002
1003
1005
1009
1013
1013
1013
1014
1015
1017
1026
1026
1026
1031
1037
1038
1042
1047
1047
1052
1052
1052
1056
1057
1058
1058
1060
1061
1063
1075
1077
1078
1078
1080
1081
1083
1089
1092
1093
1094
1095
1095
1096
1097
1097
1099
1102
1105
1110
1111
1114
1119
1120
1122
1123
1125
1130
1130
1131
1133
1142
1143
1143
1147
1149
1150
1153
1157
1160
1161
1162
1171
1174
1175
1176
1188
1189
1190
1191
1191
1195
1197
1199
1202
1204
1204
1206
1209
1210
1211
1215
1215
1217
1218
1223
1225
1228
1230
1231
1240
1240
1243
1250
1258
1260
1260
1261
1268
1268
1270
1274
1274
1278
1287
1290
1293
1295
1296
1296
1296
1297
1304
1304
1307
1309
1310
1316
1316
1321
1322
1323
1326
1329
1330
1337
1339
1341
1346
1346
1347
1348
1348
1353
1355
1361
1371
1371
1373
1379
1387
1395
1397
1401
1406
1410
1411
1413
1416
1416
1421
1433
1441
1444
1450
1457
1463
1465
1467
1469
1470
1472
1478
1488
1493
1494
1497
1506
1509
1512
1513
1515
1517
1518
1518
1519
1520
1529
1537
1537
1542
1544
1545
1546
1550
1554
1555
1558
1558
1559
1560
1562
1565
1571
1571
1574
1575
1576
1577
1583
1586
1592
1593
1594
1596
1606
1607
1608
1608
1609
1610
1618
1618
1624
1627
1632
1635
1641
1643
1647
1649
1649
1653
1654
1655
1658
1659
1664
1665
1667
1672
1679
1689
1690
1694
1694
1696
1704
1705
1709
1711
1713
1716
1720
1722
1725
1725
1726
1729
1729
1734
1736
1741
1744
1745
1746
1747
1750
1752
1754
1757
1758
1765
1766
1766
1770
1773
1780
1780
1781
1790
1792
1794
1794
1802
1802
1803
1811
1814
1815
1816
1817
1819
1822
1825
1827
1827
1839
1841
1841
1844
1849
1852
1857
1862
1863
1867
1868
1869
1871
1873
1875
1888
1889
1889
1892
1893
1893
1900
1903
1909
1910
1912
1913
1927
1928
1932
1938
1941
1946
1946
1948
1954
1954
1955
1960
1966
1968
1971
1972
1976
1978
1978
1990
1990
1996
2001
2007
2010
2011
2013
2014
2015
2019
2028
2031
2032
2037
2038
2039
2039
2041
2047
2049
2057
2058
2059
2060
2060
2068
2075
2079
2082
2082
2088
2091
2093
2094
2095
2100
2102
2104
2105
2105
2106
2108
2108
2113
2114
2117
2117
2122
2122
2125
2126
2126
2129
2133
2133
2141
2143
2144
2148
2149
2154
2156
2159
2160
2161
2163
2164
2165
2166
2167
2175
2179
2179
2184
2184
2189
2190
2195
2196
2196
2200
2202
2206
2206
2208
2220
2221
2225
2225
2227
2228
2235
2244
2245
2248
2249
2249
2249
2250
2251
2255
2261
2265
2266
2268
2271
2274
2274
2277
2278
2280
2288
2289
2291
2292
2296
2300
2303
2307
2307
2308
2308
2308
2309
2311
2312
2314
2315
2317
2319
2319
2320
2325
2326
2328
2333
2334
2342
2343
2343
2343
2348
2350
2352
2355
2355
2357
2359
2363
2368
2369
2371
2372
2375
2380
2386
2386
2386
2387
2388
2389
2394
2396
2401
2402
2404
2407
2410
2411
2420
2423
2428
2431
2432
2435
2436
2441
2442
2443
2444
2446
2450
2458
2462
2466
2469
2472
2482
2485
2487
2501
2509
2511
2511
2516
2516
2516
2517
2522
2526
2527
2528
2528
2530
2535
2535
2544
2546
2548
2553
2554
2560
2563
2565
2567
2571
2576
2578
2579
2580
2582
2589
2590
2593
2601
2601
2603
2604
2608
2608
2609
2609
2612
2617
2621
2625
2627
2627
2633
2633
2633
2636
2636
2636
2642
2649
2651
2652
2652
2654
2655
2657
2658
2665
2665
2668
2672
2674
2676
2676
2677
2677
2679
2684
2685
2693
2696
2696
2698
2699
2704
2705
2713
2724
2725
2734
2738
2739
2740
2742
2743
2744
2744
2745
2746
2749
2749
2751
2755
2755
2759
2761
2762
2776
2777
2781
2788
2788
2788
2788
2790
2796
2802
2807
2808
2811
2814
2816
2820
2822
2823
2824
2824
2825
2826
2828
2835
2836
2837
2839
2839
2843
2845
2846
2849
2852
2853
2853
2856
2860
2860
2861
2862
2869
2869
2870
2872
2872
2875
2878
2878
2880
2882
2882
2886
2887
2889
2894
2897
2899
2907
2907
2907
2908
2913
2921
2925
2929
2932
2932
2933
2935
2939
2942
2943
2946
2952
2960
2967
2970
2976
2980
2983
2985
2990
2993
2993
2994
3000
3000
3001
3002
3006
3010
3013
3016
3018
3019
3023
3025
3026
3031
3034
3037
3038
3042
3044
3049
3051
3052
3054
3055
3060
3061
3062
3062
3067
3068
3071
3075
3077
3078
3078
3080
3083
3084
3085
3086
3088
3091
3092
3096
3097
3099
3100
3102
3103
3105
3106
3106
3106
3108
3112
3116
3117
3126
3130
3130
3130
3132
3133
3136
3136
3136
3142
3142
3143
3145
3145
3146
3149
3149
3151
3151
3155
3159
3162
3167
3170
3172
3176
3179
3182
3184
3185
3186
3186
3186
3188
3188
3188
3189
3189
3192
3193
3193
3197
3197
3197
3199
3200
3202
3208
3210
3212
3221
3222
3223
3223
3224
3232
3233
3235
3235
3236
3236
3238
3239
3240
3240
3242
3249
3249
3251
3254
3256
3260
3267
3272
3274
3277
3281
3291
3293
3294
3295
3295
3298
3298
3300
3302
3304
3306
3309
3312
3313
3320
3328
3329
3333
3335
3335
3336
3339
3340
3344
3344
3346
3347
3348
3348
3353
3356
3356
3358
3359
3362
3364
3368
3376
3383
3383
3384
3385
3386
3391
3393
3395
3397
3398
3398
3400
3401
3403
3405
3411
3411
3416
3421
3422
3422
3426
3435
3437
3446
3446
3447
3447
3451
3451
3455
3463
3464
3465
3467
3471
3471
3475
3478
3483
3485
3485
3488
3489
3493
3494
3496
3497
3501
3502
3508
3508
3508
3509
3510
3515
3516
3518
3518
3520
3522
3526
3526
3527
3527
3528
3539
3540
3541
3546
3549
3550
3558
3561
3564
3566
3567
3570
3572
3574
3575
3582
3584
3584
3586
3587
3588
3595
3599
3600
3600
3601
3605
3606
3606
3610
3615
3619
3621
3622
3624
3628
3631
3639
3639
3642
3644
3646
3647
3647
3647
3649
3650
3653
3653
3654
3655
3658
3658
3659
3661
3663
3665
3666
3667
3672
3677
3677
3677
3677
3678
3683
3694
3706
3708
3710
3710
3711
3712
3712
3714
3718
3719
3721
3726
3726
3728
3729
3731
3734
3736
3738
3740
3742
3744
3745
3747
3751
3756
3756
3756
3760
3762
3767
3767
3769
3772
3786
3786
3789
3796
3798
3798
3801
3802
3803
3811
3812
3812
3812
3813
3815
3819
3819
3823
3825
3826
3826
3827
3828
3830
3833
3834
3834
3849
3850
3852
3855
3855
3856
3862
3865
3868
3873
3874
3878
3881
3886
3887
3891
3893
3901
3903
3907
3909
3911
3917
3919
3923
3924
3927
3928
3930
3937
3937
3937
3938
3939
3942
3943
3943
3945
3950
3951
3951
3952
3954
3954
3954
3956
3958
3967
3969
3970
3972
3974
3976
3979
3979
3981
3983
3984
3985
3988
3993
3995
3998
4006
4007
4008
4011
4013
4014
4014
4024
4026
4030
4033
4034
4039
4041
4042
4042
4049
4050
4053
4055
4057
4057
4057
4066
4067
4068
4070
4072
4074
4075
4075
4077
4082
4084
4084
4086
4090
4093
4096
4099
4103
4104
4105
4108
4115
4120
4121
4122
4128
4129
4129
4130
4132
4134
4135
4136
4138
4138
4139
4142
4146
4147
4148
4148
4149
4155
4155
4158
4159
4159
4159
4162
4163
4164
4170
4174
4177
4180
4183
4188
4194
4194
4196
4198
4199
4199
4200
4201
4202
4202
4203
4204
4204
4206
4206
4207
4208
4210
4210
4213
4214
4216
4219
4219
4228
4230
4231
4232
4233
4235
4240
4247
4257
4259
4262
4263
4263
4264
4264
4268
4269
4269
4270
4270
4272
4274
4275
4279
4280
4290
4292
4293
4298
4299
4300
4301
4304
4305
4307
4309
4318
4329
4333
4335
4337
4342
4342
4345
4346
4347
4350
4350
4352
4356
4358
4359
4362
4363
4365
4365
4365
4367
4368
4368
4377
4379
4379
4380
4380
4381
4383
4383
4385
4393
4394
4394
4395
4396
4400
4400
4403
4404
4405
4412
4414
4421
4422
4422
4425
4429
4430
4433
4434
4437
4437
4439
4440
4441
4444
4451
4453
4456
4460
4462
4462
4464
4465
4466
4470
4472
4475
4479
4480
4485
4490
4501
4507
4507
4509
4514
4514
4515
4516
4518
4519
4522
4523
4523
4525
4526
4526
4531
4533
4534
4536
4540
4540
4540
4544
4545
4545
4547
4549
4550
4553
4554
4556
4556
4558
4558
4559
4560
4561
4562
4564
4565
4565
4570
4571
4572
4572
4573
4575
4578
4583
4585
4587
4588
4588
4592
4594
4595
4595
4595
4599
4599
4600
4600
4602
4603
4604
4605
4607
4609
4610
4613
4613
4615
4615
4623
4624
4626
4626
4627
4629
4639
4641
4643
4644
4648
4650
4654
4654
4655
4656
4657
4659
4660
4661
4664
4665
4666
4667
4668
4669
4673
4675
4676
4677
4683
4684
4685
4685
4691
4692
4701
4705
4705
4705
4708
4709
4712
4712
4712
4713
4719
4722
4728
4730
4730
4731
4738
4740
4740
4741
4744
4745
4747
4748
4748
4749
4749
4754
4757
4762
4762
4763
4763
4767
4768
4770
4772
4773
4773
4778
4787
4789
4789
4789
4790
4796
4797
4799
4807
4808
4816
4819
4821
4828
4834
4835
4837
4837
4839
4849
4853
4855
4856
4856
4857
4858
4869
4869
4873
4873
4873
4881
4882
4884
4887
4888
4888
4890
4890
4891
4895
4896
4896
4901
4903
4904
4911
4915
4917
4929
4932
4933
4934
4935
4937
4937
4941
4944
4947
4947
4953
4955
4960
4961
4968
4969
4970
4970
4970
4975
4976
4977
4983
4984
4987
4991
5000
