13
17
20
24
27
30
39
56
59
62
64
66
73
77
86
94
95
99
107
111
121
127
128
129
134
139
150
153
161
164
165
166
169
177
181
185
189
191
216
218
225
227
233
236
240
242
248
251
258
268
274
282
282
288
293
306
307
307
313
314
322
323
323
328
331
331
333
337
339
339
341
349
351
351
353
358
358
364
373
374
380
382
390
394
407
412
416
427
428
435
438
439
446
474
478
479
483
486
489
490
493
498
504
504
519
519
531
533
533
534
534
535
536
539
550
557
570
573
578
583
583
590
592
593
596
613
622
623
627
627
629
631
636
639
646
651
654
655
667
671
675
676
676
685
686
686
692
700
700
701
707
709
710
714
720
724
726
726
729
729
731
739
741
747
753
754
754
755
762
785
788
793
795
799
800
805
816
823
824
830
831
831
852
853
855
857
859
874
884
884
891
897
898
898
901
904
929
929
931
931
943
946
950
953
955
956
958
964
966
966
967
970
976
985
993
1002
1003
1013
1014
1017
1026
1026
1037
1042
1047
1052
1052
1057
1058
1061
1063
1080
1081
1083
1089
1092
1093
1094
1095
1095
1097
1102
1110
1119
1120
1125
1130
1130
1131
1133
1143
1150
1161
1162
1176
1189
1190
1195
1204
1204
1215
1215
1217
1218
1223
1228
1231
1243
1260
1260
1261
1268
1268
1270
1274
1278
1287
1290
1293
1295
1296
1304
1304
1323
1330
1337
1339
1341
1346
1346
1348
1353
1355
1395
1401
1406
1410
1416
1421
1433
1441
1469
1470
1488
1493
1494
1497
1506
1512
1517
1518
1518
1519
1520
1537
1542
1546
1550
1555
1558
1562
1571
1571
1574
1575
1583
1596
1606
1607
1608
1609
1618
1624
1627
1632
1643
1649
1654
1658
1659
1672
1696
1711
1713
1722
1725
1725
1729
1729
1750
1754
1757
1765
1766
1766
1780
1792
1794
1794
1802
1802
1811
1816
1827
1827
1841
1844
1849
1868
1869
1873
1888
1889
1900
1903
1909
1928
1938
1941
1946
1948
1960
1968
1972
1976
1978
1990
1996
2015
2019
2031
2047
2049
2057
2059
2060
2060
2079
2082
2093
2094
2095
2102
2105
2108
2114
2117
2122
2122
2126
2129
2133
2133
2149
2159
2161
2164
2165
2166
2167
2179
2184
2184
2200
2206
2221
2225
2227
2228
2235
2244
2245
2248
2249
2249
2250
2261
2265
2266
2268
2271
2274
2277
2278
2292
2308
2308
2311
2312
2314
2319
2320
2325
2333
2342
2348
2355
2359
2368
2369
2371
2372
2386
2388
2396
2401
2402
2420
2423
2428
2431
2435
2436
2441
2442
2446
2485
2501
2516
2517
2522
2526
2527
2528
2528
2530
2535
2544
2546
2548
2553
2563
2565
2571
2582
2589
2604
2608
2608
2609
2609
2612
2617
2627
2627
2633
2636
2636
2642
2649
2652
2655
2657
2658
2665
2665
2674
2676
2684
2698
2704
2724
2725
2734
2738
2739
2740
2743
2744
2749
2749
2751
2755
2759
2762
2788
2788
2788
2788
2802
2807
2808
2822
2824
2824
2826
2837
2839
2852
2856
2860
2860
2861
2869
2870
2875
2878
2880
2889
2894
2897
2907
2921
2925
2929
2932
2933
2935
2939
2942
2960
2967
2970
2976
2983
2990
2993
2993
2994
3000
3001
3002
3006
3013
3018
3023
3025
3031
3044
3055
3060
3067
3068
3078
3078
3084
3085
3088
3091
3096
3097
3099
3106
3108
3126
3130
3130
3132
3136
3143
3145
3145
3149
3162
3167
3170
3176
3182
3184
3185
3186
3188
3188
3188
3189
3192
3197
3197
3199
3200
3202
3208
3210
3212
3222
3223
3232
3236
3238
3239
3251
3256
3260
3274
3281
3291
3293
3294
3329
3335
3335
3336
3340
3344
3346
3347
3348
3359
3362
3376
3383
3384
3391
3393
3397
3398
3400
3405
3411
3416
3421
3422
3426
3435
3437
3447
3451
3455
3463
3465
3467
3471
3485
3485
3493
3496
3497
3502
3508
3515
3520
3522
3527
3528
3540
3541
3546
3566
3572
3574
3575
3584
3599
3600
3600
3605
3606
3606
3610
3619
3639
3647
3649
3650
3653
3653
3654
3655
3658
3659
3661
3663
3665
3667
3678
3683
3694
3710
3710
3712
3719
3721
3726
3728
3734
3736
3738
3742
3756
3756
3756
3760
3767
3786
3796
3798
3801
3802
3812
3812
3813
3823
3825
3826
3828
3830
3833
3834
3834
3850
3852
3865
3874
3878
3881
3886
3887
3891
3893
3901
3903
3911
3917
3919
3924
3927
3930
3937
3942
3943
3943
3951
3951
3954
3956
3958
3969
3972
3974
3976
3984
3985
3995
3998
4008
4011
4014
4024
4042
4042
4049
4055
4057
4057
4068
4070
4075
4075
4077
4082
4090
4096
4099
4103
4105
4108
4120
4121
4129
4132
4134
4142
4146
4147
4148
4159
4170
4180
4194
4196
4199
4202
4210
4213
4219
4228
4230
4231
4240
4247
4257
4259
4263
4264
4268
4269
4272
4275
4279
4280
4292
4293
4299
4300
4301
4304
4309
4329
4335
4345
4346
4356
4358
4359
4365
4365
4377
4381
4383
4385
4394
4394
4395
4400
4422
4422
4425
4429
4430
4433
4437
4439
4441
4456
4462
4465
4466
4470
4472
4475
4479
4490
4507
4509
4514
4515
4516
4518
4523
4525
4526
4526
4533
4536
4545
4549
4550
4556
4559
4561
4564
4570
4572
4573
4585
4587
4588
4594
4595
4600
4600
4610
4613
4615
4623
4639
4643
4644
4648
4650
4654
4656
4657
4659
4660
4664
4667
4668
4676
4683
4684
4685
4691
4701
4705
4705
4712
4712
4713
4719
4722
4730
4731
4749
4754
4762
4763
4763
4767
4768
4773
4778
4789
4789
4790
4796
4808
4816
4821
4835
4837
4855
4856
4858
4869
4873
4873
4881
4882
4884
4888
4888
4890
4896
4901
4932
4935
4937
4944
4947
4953
4961
4969
4970
4970
4975
4977
4984
4987
5000
